Evaluation Results for claude-3-5-haiku-20241022:
accuracy: 0.23385844242289772
precision: 0.18535305343511452
recall: 0.9533742331288344
f1_score: 0.3103654883163572
total_samples: 4507
correct_predictions: 1054
