Evaluation Results for together_ai/ArizeAI/Qwen2-1.5B-Instruct-english-only-synth-balanced-53203530-7c885a36:
accuracy: 0.8678571428571429
precision: 0.888093443858327
recall: 0.8417857142857142
f1_score: 0.8643197653098642
total_samples: 11200
correct_predictions: 9720
