Evaluation Results for gpt-4o-mini:
accuracy: 0.25893055247392943
precision: 0.16941607750720084
recall: 0.7938650306748466
f1_score: 0.2792403970651705
total_samples: 4507
correct_predictions: 1167
