Evaluation Results for together_ai/ArizeAI/Qwen/Qwen2-1.5B-Instruct-6897624b:
accuracy: 0.8242733525626803
precision: 0.5891472868217055
recall: 0.09325153374233129
f1_score: 0.1610169491525424
total_samples: 4507
correct_predictions: 3715
