Evaluation Results for gpt-4o:
accuracy: 0.96625
precision: 0.9682080924855492
recall: 0.9544159544159544
f1_score: 0.9612625538020086
total_samples: 800
correct_predictions: 773
