Evaluation Results for together_ai/ArizeAI/Qwen2-1.5B-Instruct-english-only-19138f60-3a93b4f6:
accuracy: 0.8029731528733082
precision: 0.41834451901565994
recall: 0.2294478527607362
f1_score: 0.29635499207606975
total_samples: 4507
correct_predictions: 3619
