Evaluation Results for ft:gpt-4o-mini-2024-07-18:arize-ai:jg-balanced-by-synth:B6SVQZgu:
accuracy: 0.8979464285714286
precision: 0.8373959121877366
recall: 0.9876785714285714
f1_score: 0.9063498566161409
total_samples: 11200
correct_predictions: 10057
