Evaluation Results for together_ai/jgilhuly/Qwen2-1.5B-Instruct--non-lora-b81f456d-48390fb2:
accuracy: 0.953
precision: 0.8830409356725146
recall: 0.9773462783171522
f1_score: 0.9278033794162828
total_samples: 1000
correct_predictions: 953
