Evaluation Results for together_ai/ArizeAI/Qwen2-1.5B-Instruct-885cb19a-21805d18:
accuracy: 0.1968049700465942
precision: 0.1706973467950223
recall: 0.8920245398773006
f1_score: 0.28655892786756004
total_samples: 4507
correct_predictions: 887
