Evaluation Results for ft:gpt-4o-mini-2024-07-18:arize-ai:sampling-test-all-2:Ad1Xcba3:
accuracy: 0.8833710557848489
precision: 0.9262357414448669
recall: 0.894054318571079
f1_score: 0.9098605577689242
total_samples: 7511
correct_predictions: 6635
