Evaluation Results for ft:gpt-4o-mini-2024-07-18:arize-ai:sampling-test-4-combined:AfCveedU:
accuracy: 0.18163496662048118
precision: 0.2344632768361582
recall: 0.664
f1_score: 0.3465553235908142
total_samples: 7939
correct_predictions: 1442
