Evaluation Results for ft:gpt-4o-mini-2024-07-18:arize-ai:sampling-test-agreeing-3:Ae7kQP29:
accuracy: 0.00025192089683839276
precision: 1.0
recall: 0.08333333333333333
f1_score: 0.15384615384615385
total_samples: 7939
correct_predictions: 2
