Evaluation Results for together_ai/jgilhuly/Qwen2-1.5B-Instruct--non-lora-b81f456d-48390fb2:
accuracy: 0.7372
precision: 0.7492414390983961
recall: 0.7015016233766234
f1_score: 0.7245860406623349
total_samples: 10000
correct_predictions: 7372
