Evaluation Results for gpt-4o:
accuracy: 0.8897709526288391
precision: 0.9343065693430657
recall: 0.4069952305246423
f1_score: 0.566998892580288
total_samples: 7684
correct_predictions: 6837
