Evaluation Results for claude-3-5-haiku-latest:
accuracy: 0.8675169182717335
precision: 0.9011976047904192
recall: 0.23964968152866242
f1_score: 0.37861635220125783
total_samples: 7684
correct_predictions: 6666
