Evaluation Results for claude-3-5-haiku-latest:
accuracy: 0.9028072033898306
precision: 0.998780487804878
recall: 0.8855649666606595
f1_score: 0.9387716114242048
total_samples: 7552
correct_predictions: 6818
