Evaluation Results for gpt-4o-mini:
accuracy: 0.9021739130434783
precision: 0.9822485207100592
recall: 0.3126177024482109
f1_score: 0.4742857142857142
total_samples: 3772
correct_predictions: 3403
