Evaluation Results for gpt-4o-mini:
accuracy: 0.8423423423423423
precision: 0.9986675549633578
recall: 0.6822940373236231
f1_score: 0.8107084910762575
total_samples: 4662
correct_predictions: 3927
