Evaluation Results for gpt-4o-mini:
accuracy: 0.8307674364357359
precision: 0.9978571428571429
recall: 0.6697027804410355
f1_score: 0.8014916810097533
total_samples: 8574
correct_predictions: 7123
