Evaluation Results for claude-3-5-sonnet-latest:
accuracy: 0.903045288912025
precision: 0.8723098995695839
recall: 0.4810126582278481
f1_score: 0.6200917899031106
total_samples: 7684
correct_predictions: 6939
