Evaluation Results for claude-3-5-sonnet-latest:
accuracy: 0.8811349693251533
precision: 0.892128279883382
recall: 0.417462482946794
f1_score: 0.5687732342007434
total_samples: 3912
correct_predictions: 3447
