Evaluation Results for claude-3-5-haiku-latest:
accuracy: 0.8473926380368099
precision: 0.907608695652174
recall: 0.22876712328767124
f1_score: 0.36542669584245074
total_samples: 3912
correct_predictions: 3315
