Evaluation Results for gpt-4o:
accuracy: 0.923606251457896
precision: 0.9942732478865558
recall: 0.8834504482675066
f1_score: 0.9355914806261226
total_samples: 8574
correct_predictions: 7919
