Evaluation Results for gpt-4o:
accuracy: 0.9103923647932132
precision: 0.9340659340659341
recall: 0.4847908745247148
f1_score: 0.6382978723404255
total_samples: 3772
correct_predictions: 3434
