Evaluation Results for gpt-4o:
accuracy: 0.9283569283569284
precision: 0.9923508414074452
recall: 0.9025974025974026
f1_score: 0.9453485547728929
total_samples: 4662
correct_predictions: 4328
