Evaluation Results for gpt-4o:
accuracy: 0.8755112474437627
precision: 0.9479166666666666
recall: 0.3729508196721312
f1_score: 0.5352941176470588
total_samples: 3912
correct_predictions: 3425
