Evaluation Results for gpt-4o-mini:
accuracy: 0.7825741525423728
precision: 0.9987503124218945
recall: 0.7237819235645716
f1_score: 0.8393194706994328
total_samples: 7552
correct_predictions: 5910
