Evaluation Results for together_ai/ArizeAI/Qwen2-1.5B-Instruct-1b7ae98e-b6b45d02:
accuracy: 0.810625
precision: 0.7817004048582996
recall: 0.8619642857142857
f1_score: 0.8198726114649683
total_samples: 11200
correct_predictions: 9079
