Evaluation Results for claude-3-5-sonnet-20241022:
accuracy: 0.35322831151542045
precision: 0.16772151898734178
recall: 0.6503067484662577
f1_score: 0.26666666666666666
total_samples: 4507
correct_predictions: 1592
