Evaluation Results for gpt-4o:
accuracy: 0.21255824273352564
precision: 0.16658536585365855
recall: 0.838036809815951
f1_score: 0.2779247202441506
total_samples: 4507
correct_predictions: 958
