Evaluation Results for together_ai/ArizeAI/Qwen/Qwen2-1.5B-Instruct-9fc30309:
accuracy: 0.5681
precision: 0.8026666666666666
recall: 0.1806
f1_score: 0.2948571428571429
total_samples: 10000
correct_predictions: 5681
