Evaluation Results for ft:gpt-4o-mini-2024-07-18:arize-ai:jg-2-26:B5OnGv6U:
accuracy: 0.17106722875526958
precision: 0.16123413784523513
recall: 0.8372093023255814
f1_score: 0.2703943250573754
total_samples: 4507
correct_predictions: 771
