Evaluation Results for ft:gpt-4o-mini-2024-07-18:arize-ai::B6AL0EBR:
accuracy: 0.2303084091413357
precision: 0.16362212943632568
recall: 0.7876884422110553
f1_score: 0.2709593777009507
total_samples: 4507
correct_predictions: 1038
