Evaluation Results for together_ai/ArizeAI/Qwen2-1.5B-Instruct-nicks-original-deduped-759b3d90-b64d7b59:
accuracy: 0.675
precision: 0.6516357206012379
recall: 0.7421953675730111
f1_score: 0.6939736346516009
total_samples: 10000
correct_predictions: 6750
