Evaluation Results for together_ai/ArizeAI/Qwen2-1.5B-Instruct-nick-formatted-8e793550-13053b12:
accuracy: 0.4443368828654405
precision: 0.3551587301587302
recall: 0.13886733902249807
f1_score: 0.19966536530953707
total_samples: 5165
correct_predictions: 2295
