Evaluation Results for together_ai/ArizeAI/Qwen2-1.5B-Instruct-1b7ae98e-4ddb2e2e:
accuracy: 0.6738
precision: 0.7701037613488976
recall: 0.48193993506493504
f1_score: 0.592860708936595
total_samples: 10000
correct_predictions: 6738
